16
84
98
64
21
57
102
96
127
16
13
20
36
40
65
91
118
90
55
95
58
97
93
37
83
101
15
22
116
125
123
10
29
119
90
73
10
9
67
35
117
62
86
12
114
7
125
12
124
24
61
33
91
29
105
3
8
92
71
65
116
109
31
3
96
110
2
30
94
48
34
68
76
31
51
107
101
109
24
94
98
97
95
47
1
25
17
10
120
42
40
102
118
16
106
21
115
37
33
39
107
32
5
73
30
1
63
66
26
118
15
7
53
39
73
12
78
51
41
27
120
39
62
114
3
42
72
44
127
107
33
87
9
110
51
97
65
108
3
103
22
127
15
33
116
43
63
21
49
75
8
105
66
116
53
26
72
105
122
107
10
89
40
23
45
57
61
21
12
74
96
6
6
9
103
37
75
71
52
114
5
83
38
38
60
6
75
121
35
87
20
118
115
27
40
27
88
65
126
58
66
123
5
105
63
102
115
101
48
90
84
101
46
67
108
107
34
91
85
126
53
86
2
12
73
112
62
122
26
123
48
81
99
14
23
74
99
47
3
36
37
36
54
79
67
120
19
64
63
39
5
41
50
86
126
119
50
49
94
16
124
1
72
89
56
116
48
49
33
55
20
57
29
29
70
103
106
32
67
73
98
74
87
37
28
11
77
30
42
109
123
91
22
87
0
34
123
7
93
43
70
112
80
113
50
54
32
81
37
89
68
72
42
42
47
53
6
22
20
126
24
19
80
98
87
88
110
9
102
57
14
5
0
115
107
104
55
119
122
29
70
87
93
72
3
116
26
104
22
14
25
78
94
74
25
68
23
13
21
9
31
112
113
114
50
35
84
76
23
76
109
117
45
30
117
63
58
41
25
43
10
73
93
61
59
26
58
113
7
41
78
102
44
35
121
94
121
69
76
115
92
89
88
120
84
104
59
110
31
30
12
53
71
35
41
7
71
115
29
33
103
95
0
10
83
61
17
24
0
42
58
46
83
26
62
17
68
77
106
73
39
125
1
51
31
80
74
106
51
101
53
45
79
69
99
44
64
23
116
69
89
11
39
127
75
83
91
120
126
5
71
68
99
114
96
28
52
72
80
100
107
21
75
59
13
30
85
30
56
17
7
16
25
26
71
29
1
100
98
119
108
106
32
97
0
25
83
37
11
41
119
7
23
92
55
38
92
18
5
111
85
85
86
81
105
54
77
32
110
57
62
76
112
83
82
127
22
19
5
13
24
66
118
103
66
126
52
84
77
36
40
109
118
63
50
72
117
115
53
66
23
77
40
5
105
46
56
51
34
11
28
81
6
111
73
78
79
27
93
75
112
122
56
10
78
28
64
112
47
24
108
1
61
0
59
27
80
18
70
119
83
91
5
2
102
15
19
95
59
35
103
19
89
56
41
82
112
80
6
92
89
25
60
72
61
35
108
119
26
105
65
71
81
32
114
49
17
8
50
88
35
8
88
127
11
50
105
90
9
10
120
28
18
113
40
17
60
88
94
54
24
100
77
120
116
60
97
81
52
125
119
25
88
69
109
125
115
6
44
30
90
61
91
108
124
110
125
113
88
91
86
23
22
26
52
104
86
46
70
59
85
0
67
109
47
59
121
66
52
56
56
110
49
4
71
66
99
0
23
71
10
85
118
50
111
4
49
64
58
125
79
47
8
59
59
68
1
85
57
121
8
46
19
57
74
29
18
122
18
74
14
35
106
116
35
117
118
29
100
55
34
9
16
76
118
36
101
124
54
105
117
93
104
40
120
46
98
2
86
42
49
65
11
27
17
47
59
84
1
97
60
53
61
126
8
43
51
111
28
119
68
96
64
118
48
95
14
4
24
79
43
38
77
15
60
81
68
24
60
28
110
122
95
60
82
46
21
57
106
126
0
62
79
45
63
32
83
93
109
3
7
102
2
73
121
82
39
121
19
95
3
77
67
58
108
36
97
56
52
106
102
94
93
123
75
92
7
96
84
18
38
38
99
46
2
1
13
43
69
55
56
2
31
16
109
113
125
62
15
20
82
49
99
51
100
68
121
30
117
122
43
120
52
32
111
42
47
103
121
4
16
92
66
87
65
54
48
119
78
51
72
91
55
42
55
19
14
100
114
11
61
15
12
19
27
124
54
4
4
58
80
79
97
27
96
78
33
106
108
12
127
37
123
65
25
100
83
66
88
86
45
62
37
11
68
80
0
103
98
45
100
4
72
94
75
90
122
47
127
31
107
89
42
81
125
17
111
86
50
58
31
86
123
110
70
9
71
93
57
76
